00 00 00 00 05 00 00 00 00 00 00 07 00 00 00 00
00 00 00 00 05 00 00 00 00 00 00 07 00 00 00 00
00 00 04 04 08 00 00 00 00 00 00 0B 04 04 00 00
00 00 00 00 00 00 00 00 00 00 00 00 00 00 00 00
00 00 00 00 00 00 00 00 00 00 00 00 00 00 00 00
00 00 00 00 00 00 00 00 00 00 00 00 00 00 00 00
00 00 00 00 00 00 00 00 00 00 00 00 00 00 00 00
00 00 00 00 00 00 00 00 00 00 00 00 00 00 00 00
00 00 00 00 00 00 00 00 00 00 00 00 00 00 00 00
00 00 06 06 09 00 00 00 00 00 00 0A 06 06 00 00
00 00 00 00 05 00 00 00 00 00 00 07 00 00 00 00
00 00 00 00 05 00 00 00 00 00 00 07 00 00 00 00